[gd_scene load_steps=12 format=3 uid="uid://dv7y24hx0r1fc"]

[ext_resource type="PackedScene" uid="uid://xibr25nsnhu1" path="res://Art Assets/Environment/platform_1.tscn" id="1_26g54"]
[ext_resource type="Material" uid="uid://cxflf76lktjvb" path="res://Art Assets/Environment/Materials/tilefloor.tres" id="1_paf1j"]
[ext_resource type="Material" uid="uid://b6sa4nxd5h0s7" path="res://Art Assets/Environment/Materials/tilewall.tres" id="2_egbxj"]
[ext_resource type="PackedScene" uid="uid://4qr7arofkogc" path="res://Art Assets/Environment/pillar_2.tscn" id="4_gdxxq"]
[ext_resource type="PackedScene" uid="uid://b8ee46qphe5mo" path="res://Art Assets/Environment/pillar_broken_2.tscn" id="5_ba5l4"]
[ext_resource type="PackedScene" uid="uid://dbeeyfnjo30ug" path="res://Art Assets/Environment/door_2.tscn" id="6_egbxj"]
[ext_resource type="PackedScene" uid="uid://d27fvc1n8usxn" path="res://Art Assets/Environment/orb_light.tscn" id="6_hhp47"]
[ext_resource type="PackedScene" uid="uid://c76or3qn4nag5" path="res://Player/Model/Player.tscn" id="7_gdxxq"]
[ext_resource type="Material" uid="uid://dbdvic37qtow5" path="res://Art Assets/Environment/Materials/Basic.tres" id="9_bxxwu"]
[ext_resource type="PackedScene" uid="uid://chh2rk7rvthi5" path="res://Rooms/Traps/Spikes/spikes.tscn" id="10_hhp47"]

[sub_resource type="Environment" id="Environment_gdxxq"]
background_mode = 1
ssr_enabled = true
glow_enabled = true
fog_density = 1.0
fog_height_density = 4.4731
volumetric_fog_enabled = true
volumetric_fog_density = 0.005
volumetric_fog_sky_affect = 0.226
adjustment_enabled = true
adjustment_saturation = 1.5

[node name="Node3D" type="Node3D"]

[node name="SubViewportContainer" type="SubViewportContainer" parent="."]
texture_filter = 1
anchors_preset = 15
anchor_right = 1.0
anchor_bottom = 1.0
grow_horizontal = 2
grow_vertical = 2
size_flags_stretch_ratio = 0.0
stretch = true
stretch_shrink = 5
metadata/_edit_use_anchors_ = true

[node name="SubViewport" type="SubViewport" parent="SubViewportContainer"]
handle_input_locally = false
audio_listener_enable_3d = true
size = Vector2i(384, 216)
render_target_update_mode = 4

[node name="Player" parent="SubViewportContainer/SubViewport" instance=ExtResource("7_gdxxq")]
unique_name_in_owner = true
transform = Transform3D(-4.371139e-08, 0, 1, 0, 1, 0, -1, 0, -4.371139e-08, 2.608561, 1.8487661, 9.013506)

[node name="WorldEnvironment" type="WorldEnvironment" parent="SubViewportContainer/SubViewport"]
environment = SubResource("Environment_gdxxq")

[node name="CSGBox3D" type="CSGBox3D" parent="SubViewportContainer/SubViewport"]
transform = Transform3D(-4.371139e-08, 0, 1, 0, 1, 0, -1, 0, -4.371139e-08, 2.1838045, 0, 7.0367002)
material_override = ExtResource("1_paf1j")
use_collision = true
size = Vector3(8.033081, 1, 8.250916)

[node name="CSGBox3D3" type="CSGBox3D" parent="SubViewportContainer/SubViewport"]
transform = Transform3D(-4.371139e-08, 0, 1, 0, 1, 0, -1, 0, -4.371139e-08, -0.92010784, 1.9116516, 7.2973814)
material_override = ExtResource("2_egbxj")
use_collision = true
size = Vector3(7.5117188, 4.823303, 0.6308594)

[node name="CSGBox3D4" type="CSGBox3D" parent="SubViewportContainer/SubViewport"]
transform = Transform3D(-4.371139e-08, 0, 1, 0, 1, 0, -1, 0, -4.371139e-08, -0.9201083, 6.864082, -25.12294)
material_override = ExtResource("2_egbxj")
use_collision = true
size = Vector3(8.96875, 4.8042603, 0.6308594)

[node name="CSGBox3D5" type="CSGBox3D" parent="SubViewportContainer/SubViewport"]
transform = Transform3D(1, 0, 0, 0, 1, 0, 0, 0, 1, 2.291863, 6.8787303, -29.374823)
material_override = ExtResource("2_egbxj")
use_collision = true
size = Vector3(7.041992, 4.833557, 0.6308594)

[node name="CSGBox3D6" type="CSGBox3D" parent="SubViewportContainer/SubViewport"]
transform = Transform3D(1, 0, 0, 0, 1, 0, 0, 0, 1, 2.2918642, 1.8702087, 10.756299)
material_override = ExtResource("2_egbxj")
use_collision = true
size = Vector3(7.041992, 4.7404175, 0.6308594)

[node name="CSGBox3D2" type="CSGBox3D" parent="SubViewportContainer/SubViewport"]
transform = Transform3D(-4.371139e-08, 0, 1, 0, 1, 0, -1, 0, -4.371139e-08, 2.2380946, 4.9619517, -25.153332)
material_override = ExtResource("1_paf1j")
use_collision = true
size = Vector3(9.858276, 1, 8.158203)

[node name="Platform1" parent="SubViewportContainer/SubViewport" instance=ExtResource("1_26g54")]
transform = Transform3D(-0.009643744, -0.13107164, 0.991326, 0.07274097, 0.98865354, 0.13142593, -0.9973042, 0.07337746, -4.2353033e-08, -0.32377422, -3.7731895, -0.99485815)

[node name="Platform14" parent="SubViewportContainer/SubViewport/Platform1" instance=ExtResource("1_26g54")]
transform = Transform3D(1.0000006, -3.7252903e-08, -1.1608492e-09, -1.4901161e-08, 1.0000006, -3.0666385e-09, -1.0467822e-09, -3.1435556e-09, 1.0000006, 0.02464348, -5.228404, 0.004155934)

[node name="Platform2" parent="SubViewportContainer/SubViewport" instance=ExtResource("1_26g54")]
transform = Transform3D(0.25373966, 0.051923834, 0.9658779, 0.023276811, 0.997941, -0.059762403, -0.96699256, 0.037646644, 0.25200868, 4.1000524, -3.77319, -1.6399133)

[node name="Platform14" parent="SubViewportContainer/SubViewport/Platform2" instance=ExtResource("1_26g54")]
transform = Transform3D(1.0000001, -3.7252903e-09, 0, 3.7252903e-09, 1, 0, 0, 0, 1.0000001, 0.05400467, -5.090288, -0.0315938)

[node name="Platform15" parent="SubViewportContainer/SubViewport/Platform2" instance=ExtResource("1_26g54")]
transform = Transform3D(1.0000004, -1.1175871e-08, 1.4901161e-08, 1.1175871e-08, 1, -9.313226e-10, -1.4901161e-08, -1.8626451e-09, 1.0000004, -0.00988245, -9.88196, -0.03250122)

[node name="Platform3" parent="SubViewportContainer/SubViewport" instance=ExtResource("1_26g54")]
transform = Transform3D(0.94659513, -0.041229296, -0.31977797, 0.023276813, 0.997941, -0.059762403, 0.32158357, 0.049127392, 0.945606, -4.1832213, -5.0532017, -6.6964498)

[node name="Platform11" parent="SubViewportContainer/SubViewport/Platform3" instance=ExtResource("1_26g54")]
transform = Transform3D(1.0000005, -7.450581e-09, -5.9604645e-08, 9.313226e-09, 1.0000005, 3.7252903e-09, 5.9604645e-08, 1.8626451e-08, 1.0000005, 0.037668705, -5.204783, 0.06254864)

[node name="Platform12" parent="SubViewportContainer/SubViewport/Platform3" instance=ExtResource("1_26g54")]
transform = Transform3D(1.0000007, -1.4901161e-08, -2.9802322e-08, 1.1175871e-08, 1.0000007, 7.450581e-09, 5.9604645e-08, 2.9802322e-08, 1.0000008, -0.13906574, -9.523476, -0.11686039)

[node name="Platform5" parent="SubViewportContainer/SubViewport" instance=ExtResource("1_26g54")]
transform = Transform3D(0.94659513, -0.041229296, -0.31977797, 0.023276813, 0.997941, -0.059762403, 0.32158357, 0.049127392, 0.945606, 3.2153814, 0.9169197, -17.884119)

[node name="Platform6" parent="SubViewportContainer/SubViewport/Platform5" instance=ExtResource("1_26g54")]
transform = Transform3D(1.0000001, -1.8626451e-09, 0, 1.8626451e-09, 1.0000001, 0, 0, 3.7252903e-09, 1.0000001, -0.080949545, -4.8257947, 0.02412796)

[node name="Platform7" parent="SubViewportContainer/SubViewport/Platform5" instance=ExtResource("1_26g54")]
transform = Transform3D(1.0000004, -5.5879354e-09, -2.9802322e-08, 9.313226e-09, 1.0000004, 0, 2.9802322e-08, 1.1175871e-08, 1.0000004, -0.046570063, -9.444578, -0.05448532)

[node name="Platform7" parent="SubViewportContainer/SubViewport" instance=ExtResource("1_26g54")]
transform = Transform3D(-0.25589967, 0.06373457, 0.9646003, 0.02327682, 0.99794114, -0.059762407, -0.9664233, 0.007159639, -0.2568564, -2.0572217, -0.63289404, -15.898259)

[node name="Platform8" parent="SubViewportContainer/SubViewport/Platform7" instance=ExtResource("1_26g54")]
transform = Transform3D(1, 1.3969839e-09, -1.4901161e-08, -1.3969839e-09, 1, 6.9849193e-09, -1.4901161e-08, -9.313226e-10, 1, 0.02604866, -4.831046, -0.021898746)

[node name="Platform9" parent="SubViewportContainer/SubViewport/Platform7" instance=ExtResource("1_26g54")]
transform = Transform3D(1, 3.259629e-09, -1.4901161e-08, -5.122274e-09, 1, 2.188608e-08, -1.4901161e-08, -3.4924597e-10, 1, 0.08974743, -9.970022, -0.005680084)

[node name="Platform9" parent="SubViewportContainer/SubViewport" instance=ExtResource("1_26g54")]
transform = Transform3D(-0.9873581, 0.03232279, 0.15517613, 0.023276819, 0.99794114, -0.059762403, -0.15678838, -0.05539488, -0.9860778, -0.8631604, -1.8849607, -11.016566)

[node name="Platform11" parent="SubViewportContainer/SubViewport/Platform9" instance=ExtResource("1_26g54")]
transform = Transform3D(1, 2.7008355e-08, 1.4901161e-08, 9.313226e-10, 1.0000005, -1.4901161e-08, 0, 1.4901161e-08, 1.0000005, 0.14894772, -5.2889752, -0.046103477)

[node name="Platform12" parent="SubViewportContainer/SubViewport/Platform9" instance=ExtResource("1_26g54")]
transform = Transform3D(1, 3.0733645e-08, 1.4901161e-08, 9.313226e-10, 1.0000006, -1.8626451e-08, 0, 1.8626451e-08, 1.0000006, 0.1540041, -10.60967, 0.23952961)

[node name="Platform4" parent="SubViewportContainer/SubViewport" instance=ExtResource("1_26g54")]
transform = Transform3D(0.6944952, 0.026858587, 0.71899605, -0.07733164, 0.99630064, 0.037478957, -0.71532965, -0.081630036, 0.6940031, 8.407526, -3.5203638, -6.83234)

[node name="Platform14" parent="SubViewportContainer/SubViewport/Platform4" instance=ExtResource("1_26g54")]
transform = Transform3D(1, 0, -5.9604645e-08, -2.2351742e-08, 0.9999998, 2.2351742e-08, 0, 0, 0.99999976, 0.0057058334, -5.137518, -0.02048707)

[node name="Platform15" parent="SubViewportContainer/SubViewport/Platform4" instance=ExtResource("1_26g54")]
transform = Transform3D(1, -7.450581e-09, -2.0861626e-07, -3.7252903e-08, 0.9999997, 2.6077032e-08, 0, 7.450581e-09, 0.99999964, -0.016755104, -9.997165, -0.3360324)

[node name="Platform10" parent="SubViewportContainer/SubViewport" instance=ExtResource("1_26g54")]
transform = Transform3D(0.8480864, 0.08549843, -0.5229145, -0.07733164, 0.9963006, 0.037478965, 0.5241845, 0.008652462, 0.85156095, 4.3217497, -3.5203638, -12.600616)

[node name="Platform14" parent="SubViewportContainer/SubViewport/Platform10" instance=ExtResource("1_26g54")]
transform = Transform3D(1.0000004, -2.6542693e-08, 2.9802322e-08, -9.313226e-10, 1.0000004, -1.5366822e-08, -2.9802322e-08, -1.3038516e-08, 1.0000004, 0.08724308, -5.098387, 0.030866623)

[node name="Platform15" parent="SubViewportContainer/SubViewport/Platform10" instance=ExtResource("1_26g54")]
transform = Transform3D(1.0000006, -3.9115548e-08, 1.4901161e-07, -7.450581e-09, 1.0000006, -2.3748726e-08, -2.9802322e-08, -2.188608e-08, 1.0000006, 0.12550926, -9.886887, 0.103339195)

[node name="Platform12" parent="SubViewportContainer/SubViewport" instance=ExtResource("1_26g54")]
transform = Transform3D(0.97090906, 0, -0.23944862, 0, 1, 0, 0.23944862, 0, 0.97090906, -10.629624, -5.1986723, -0.27051115)

[node name="Platform13" parent="SubViewportContainer/SubViewport/Platform12" instance=ExtResource("1_26g54")]
transform = Transform3D(1, 0, 0, 0, 1, 0, 0, 0, 1, 0, -4.9416113, 0)

[node name="Platform14" parent="SubViewportContainer/SubViewport/Platform12" instance=ExtResource("1_26g54")]
transform = Transform3D(1, 0, 0, 0, 1, 0, 0, 0, 1, 0, -9.846393, 0)

[node name="Platform15" parent="SubViewportContainer/SubViewport/Platform12" instance=ExtResource("1_26g54")]
transform = Transform3D(1, 0, 0, 0, 1, 0, 0, 0, 1, 0, -15.04112, 0)

[node name="OrbLight" parent="SubViewportContainer/SubViewport/Platform12" instance=ExtResource("6_hhp47")]
transform = Transform3D(0.8, 0, 0, 0, 0.8, 0, 0, 0, 0.8, 0, 5.0655756, 0)

[node name="Platform14" parent="SubViewportContainer/SubViewport" instance=ExtResource("1_26g54")]
transform = Transform3D(0.97090906, 0, -0.23944862, 0, 1, 0, 0.23944862, 0, 0.97090906, 13.352438, -7.726466, 0.18576145)

[node name="Platform13" parent="SubViewportContainer/SubViewport/Platform14" instance=ExtResource("1_26g54")]
transform = Transform3D(1, 0, 0, 0, 1, 0, 0, 0, 1, 0, -4.9416113, 0)

[node name="Platform14" parent="SubViewportContainer/SubViewport/Platform14" instance=ExtResource("1_26g54")]
transform = Transform3D(1, 0, 0, 0, 1, 0, 0, 0, 1, 0, -9.846393, 0)

[node name="OrbLight" parent="SubViewportContainer/SubViewport/Platform14" instance=ExtResource("6_hhp47")]
transform = Transform3D(0.8, 0, 0, 0, 0.8, 0, 0, 0, 0.8, 0, 5.0655756, 0)

[node name="Platform15" parent="SubViewportContainer/SubViewport" instance=ExtResource("1_26g54")]
transform = Transform3D(0.97090906, 0, -0.23944862, 0, 1, 0, 0.23944862, 0, 0.97090906, 16.15128, -3.9862678, -17.76338)

[node name="Platform13" parent="SubViewportContainer/SubViewport/Platform15" instance=ExtResource("1_26g54")]
transform = Transform3D(1, 0, 0, 0, 1, 0, 0, 0, 1, 0, -4.9416113, 0)

[node name="Platform14" parent="SubViewportContainer/SubViewport/Platform15" instance=ExtResource("1_26g54")]
transform = Transform3D(1, 0, 0, 0, 1, 0, 0, 0, 1, 0, -9.846393, 0)

[node name="OrbLight" parent="SubViewportContainer/SubViewport/Platform15" instance=ExtResource("6_hhp47")]
transform = Transform3D(0.8, 0, 0, 0, 0.8, 0, 0, 0, 0.8, 0, 5.0655756, 0)

[node name="Platform13" parent="SubViewportContainer/SubViewport" instance=ExtResource("1_26g54")]
transform = Transform3D(0.930424, 0, 0.366485, 0, 1, 0, -0.366485, 0, 0.930424, -11.671891, -1.3399746, -17.982676)

[node name="Platform13" parent="SubViewportContainer/SubViewport/Platform13" instance=ExtResource("1_26g54")]
transform = Transform3D(1, 0, 0, 0, 1, 0, 0, 0, 1, 0, -4.9416113, 0)

[node name="Platform14" parent="SubViewportContainer/SubViewport/Platform13" instance=ExtResource("1_26g54")]
transform = Transform3D(1, 0, 0, 0, 1, 0, 0, 0, 1, 0, -9.662714, 0)

[node name="Platform15" parent="SubViewportContainer/SubViewport/Platform13" instance=ExtResource("1_26g54")]
transform = Transform3D(1, 0, 0, 0, 1, 0, 0, 0, 1, 0, -13.490264, 0)

[node name="Platform16" parent="SubViewportContainer/SubViewport/Platform13" instance=ExtResource("1_26g54")]
transform = Transform3D(1, 0, 0, 0, 1, 0, 0, 0, 1, 0, -18.111475, 0)

[node name="OrbLight" parent="SubViewportContainer/SubViewport/Platform13" instance=ExtResource("6_hhp47")]
transform = Transform3D(0.8, 0, 0, 0, 0.8, 0, 0, 0, 0.8, 0, 5.0655756, 0)

[node name="Platform6" parent="SubViewportContainer/SubViewport" instance=ExtResource("1_26g54")]
transform = Transform3D(1, 0, 0, 0, 1, 0, 0, 0, 1, 1.3256397, -4.370653, -6.7037473)

[node name="Platform2" parent="SubViewportContainer/SubViewport/Platform6" instance=ExtResource("1_26g54")]
transform = Transform3D(1, 0, 0, 0, 1, 0, 0, 0, 1, 0, -4.882329, 0)

[node name="Platform3" parent="SubViewportContainer/SubViewport/Platform6" instance=ExtResource("1_26g54")]
transform = Transform3D(1, 0, 0, 0, 1, 0, 0, 0, 1, 0, -9.737389, 0)

[node name="Pillar2" parent="SubViewportContainer/SubViewport" instance=ExtResource("4_gdxxq")]
transform = Transform3D(-4.371139e-08, 0, 1, 0, 1, 0, -1, 0, -4.371139e-08, -0.8147068, 0.49463916, 4.0661573)

[node name="Pillar5" parent="SubViewportContainer/SubViewport" instance=ExtResource("4_gdxxq")]
transform = Transform3D(-4.371139e-08, 0, 1, 0, 1, 0, -1, 0, -4.371139e-08, -0.8147073, 5.4565907, -21.253408)

[node name="Pillar6" parent="SubViewportContainer/SubViewport" instance=ExtResource("4_gdxxq")]
transform = Transform3D(-4.371139e-08, 0, 1, 0, 1, 0, -1, 0, -4.371139e-08, -0.8147075, 5.4565907, -29.003405)

[node name="Pillar7" parent="SubViewportContainer/SubViewport" instance=ExtResource("4_gdxxq")]
transform = Transform3D(-4.371139e-08, 0, 1, 0, 1, 0, -1, 0, -4.371139e-08, 5.2154818, 5.4565907, -29.071852)

[node name="Pillar3" parent="SubViewportContainer/SubViewport" instance=ExtResource("4_gdxxq")]
transform = Transform3D(-4.371139e-08, 0, 1, 0, 1, 0, -1, 0, -4.371139e-08, -0.48008895, 0.49463916, 10.190654)

[node name="Pillar4" parent="SubViewportContainer/SubViewport" instance=ExtResource("4_gdxxq")]
transform = Transform3D(-4.371139e-08, 0, 1, 0, 1, 0, -1, 0, -4.371139e-08, 5.293438, 0.49463916, 10.190654)

[node name="PillarBroken2" parent="SubViewportContainer/SubViewport" instance=ExtResource("5_ba5l4")]
transform = Transform3D(-4.371139e-08, 0, 1, 0, 1, 0, -1, 0, -4.371139e-08, 5.315051, 0.38844967, 4.0891256)

[node name="PillarBroken3" parent="SubViewportContainer/SubViewport" instance=ExtResource("5_ba5l4")]
transform = Transform3D(-4.371139e-08, 0, -1, 0, 1, 0, 1, 0, -4.371139e-08, 5.314201, 5.313879, -21.253744)

[node name="Door2" parent="SubViewportContainer/SubViewport" instance=ExtResource("6_egbxj")]
transform = Transform3D(-1, 0, -8.742278e-08, 0, 1, 0, 8.742278e-08, 0, -1, 2.2311456, 0.8773756, 10.99682)

[node name="Door3" parent="SubViewportContainer/SubViewport" instance=ExtResource("6_egbxj")]
transform = Transform3D(1, 0, 1.7484555e-07, 0, 1, 0, -1.7484555e-07, 0, 1, 2.2311444, 5.8393273, -29.714457)

[node name="CSGBox3D7" type="CSGBox3D" parent="SubViewportContainer/SubViewport"]
transform = Transform3D(1, 0, 0, 0, 1, 0, 0, 0, 1, 2.211863, -10.523744, 7.0645237)
size = Vector3(7.9184265, 21.732178, 7.7890625)
material = ExtResource("9_bxxwu")

[node name="CSGBox3D8" type="CSGBox3D" parent="SubViewportContainer/SubViewport"]
transform = Transform3D(1, 0, 0, 0, 1, 0, 0, 0, 1, 2.2258067, -9.9618845, -25.142157)
size = Vector3(8.001694, 29.942688, 9.60498)
material = ExtResource("9_bxxwu")

[node name="Spikes" parent="SubViewportContainer/SubViewport" instance=ExtResource("10_hhp47")]
transform = Transform3D(1, 0, 0, 0, 1, 0, 0, 0, 1, 0.7201276, 0.89730334, -6.0958467)

[node name="Spikes2" parent="SubViewportContainer/SubViewport/Spikes" instance=ExtResource("10_hhp47")]
transform = Transform3D(1, 0, 0, 0, 1, 0, 0, 0, 1, 1.1907998, 0, -0.006591797)

[node name="Spikes3" parent="SubViewportContainer/SubViewport/Spikes" instance=ExtResource("10_hhp47")]
transform = Transform3D(1, 0, 0, 0, 1, 0, 0, 0, 1, 0.015238166, 0, -1.2108126)

[node name="Spikes4" parent="SubViewportContainer/SubViewport/Spikes" instance=ExtResource("10_hhp47")]
transform = Transform3D(1, 0, 0, 0, 1, 0, 0, 0, 1, 1.1924989, 0, -1.218368)
